0.49064,0.18408,0.11229,0.3713,0.31344,0.08168,0.2986,0.14838,0.1027,0.50268
0.49099,0.25564,0.096093,0.39957,0.29533,0.13757,0.37264,0.14145,0.098669,0.39702
0.50062,0.32555,0.088225,0.40414,0.33045,0.18911,0.40049,0.16077,0.093246,0.35425
0.50813,0.3277,0.09539,0.37848,0.3909,0.204,0.35096,0.19354,0.095026,0.40338
0.49369,0.25109,0.11009,0.35509,0.44101,0.19558,0.25002,0.21242,0.10724,0.48136
0.45115,0.16249,0.11767,0.38486,0.46382,0.20146,0.16819,0.21241,0.12427,0.50255
0.39605,0.15198,0.11207,0.48908,0.46808,0.24365,0.16593,0.2271,0.13717,0.44278
0.35181,0.25152,0.10488,0.62845,0.47226,0.31058,0.24633,0.30027,0.14227,0.35341
0.32914,0.40605,0.1179,0.72291,0.48359,0.37411,0.35867,0.43763,0.14385,0.29888
0.31987,0.5249,0.16502,0.70962,0.49295,0.41751,0.44644,0.58913,0.14844,0.29007
0.30984,0.56099,0.23932,0.58969,0.4883,0.44324,0.49172,0.6846,0.15736,0.28429
0.29535,0.54021,0.31641,0.42407,0.47038,0.45696,0.515,0.69108,0.16545,0.24493
0.28501,0.51795,0.37021,0.28524,0.45392,0.45249,0.53764,0.6368,0.16709,0.18871
0.28627,0.51447,0.38719,0.2094,0.45409,0.41957,0.55119,0.57904,0.16251,0.16581
0.29382,0.49856,0.36911,0.1874,0.47356,0.36577,0.5263,0.54891,0.15721,0.19708
0.29448,0.43217,0.32606,0.19213,0.50303,0.32268,0.44901,0.52793,0.15525,0.24327
0.28416,0.32245,0.26939,0.20812,0.53212,0.32133,0.34265,0.47674,0.15407,0.24636
0.27727,0.22183,0.21024,0.23535,0.55646,0.35778,0.25089,0.38283,0.14701,0.20007
0.29576,0.17651,0.16054,0.27276,0.5732,0.38693,0.20083,0.27676,0.1311,0.16878
0.34713,0.18147,0.13035,0.308,0.57255,0.35802,0.18602,0.20247,0.11169,0.22597
0.41393,0.19211,0.12141,0.32775,0.53977,0.26222,0.18572,0.17545,0.098391,0.37211
0.46689,0.17871,0.12405,0.33441,0.47008,0.14621,0.19528,0.17339,0.096105,0.52006
0.48961,0.16138,0.12357,0.34529,0.38223,0.075784,0.23034,0.16596,0.10049,0.57003
0.50595,0.13479,0.11174,0.34012,0.4742,0.26816,0.15766,0.28392,0.086793,0.3324
0.49396,0.17204,0.10957,0.33748,0.48364,0.26042,0.086085,0.2583,0.090943,0.35171
0.47239,0.229,0.11313,0.31876,0.39861,0.246,0.083657,0.18719,0.092428,0.35102
0.45987,0.24555,0.12242,0.30545,0.27286,0.24512,0.14386,0.11483,0.088417,0.33781
0.45151,0.20499,0.12958,0.31795,0.19703,0.2561,0.20203,0.08703,0.083817,0.32118
0.43173,0.16168,0.12638,0.36569,0.22268,0.26397,0.20194,0.12057,0.085296,0.30396
0.39644,0.19251,0.11445,0.44351,0.32406,0.26626,0.15522,0.20311,0.092516,0.28222
0.35904,0.31922,0.10775,0.53453,0.42847,0.2825,0.13241,0.31282,0.097251,0.25207
0.33497,0.48172,0.12365,0.61635,0.48089,0.33303,0.19458,0.43195,0.092714,0.21643
0.32458,0.59109,0.1692,0.66747,0.48111,0.40988,0.33419,0.54368,0.083492,0.18462
0.31497,0.60866,0.23444,0.67298,0.46609,0.47468,0.48278,0.62615,0.084345,0.16504
0.29863,0.57155,0.29783,0.62903,0.46601,0.4911,0.57354,0.66066,0.10705,0.15837
0.2859,0.54233,0.33902,0.54455,0.48207,0.46021,0.59327,0.64997,0.14745,0.15792
0.29449,0.53955,0.34844,0.43844,0.5014,0.42074,0.57507,0.62368,0.18596,0.15624
0.32609,0.52336,0.32823,0.33249,0.52128,0.4111,0.54884,0.61626,0.20225,0.15134
0.35694,0.44844,0.287,0.2438,0.54907,0.43045,0.50913,0.63369,0.19094,0.1467
0.35696,0.3236,0.23504,0.18126,0.57955,0.43913,0.43454,0.64238,0.16398,0.14651
0.32096,0.21138,0.18291,0.14739,0.58384,0.39921,0.33127,0.59723,0.13871,0.15207
0.27967,0.16758,0.14091,0.14237,0.53308,0.31478,0.24447,0.48642,0.12364,0.16307
0.27625,0.18633,0.11626,0.16522,0.43692,0.23129,0.21833,0.35026,0.11514,0.18106
0.32839,0.21024,0.10894,0.21088,0.3513,0.19478,0.24677,0.25287,0.10595,0.20963
0.41176,0.1939,0.11128,0.26692,0.33622,0.21191,0.27226,0.22991,0.094827,0.24969
0.48071,0.15117,0.11358,0.31526,0.39797,0.24908,0.24067,0.25968,0.087077,0.29478
0.45641,0.18412,0.13802,0.18305,0.286,0.14223,0.26731,0.26011,0.088917,0.27474
0.45504,0.19251,0.1236,0.16393,0.30569,0.22857,0.2835,0.22653,0.090406,0.33239
0.46363,0.18417,0.11246,0.16601,0.35576,0.30195,0.31517,0.19031,0.089519,0.36049
0.46812,0.16367,0.11461,0.15996,0.4081,0.32004,0.33943,0.16851,0.087084,0.34619
0.45386,0.15066,0.1239,0.14378,0.45404,0.28131,0.32521,0.15551,0.086806,0.30561
0.42067,0.16795,0.12696,0.1622,0.49865,0.22862,0.27101,0.14584,0.090831,0.26857
0.38236,0.22493,0.12088,0.26833,0.54141,0.21549,0.2175,0.15768,0.096911,0.25365
0.35294,0.31094,0.11998,0.45949,0.56775,0.26327,0.21733,0.22279,0.10044,0.25612
0.33495,0.40382,0.14347,0.65387,0.56141,0.34628,0.28902,0.34927,0.099338,0.25739
0.32142,0.48464,0.19608,0.7416,0.52362,0.41573,0.40005,0.49854,0.096681,0.24414
0.30696,0.54477,0.26118,0.67035,0.47676,0.43922,0.49558,0.60752,0.098039,0.2183
0.29442,0.58107,0.3133,0.48837,0.44762,0.4207,0.54365,0.63958,0.10614,0.19111
0.28946,0.58774,0.33717,0.30513,0.4472,0.38776,0.55292,0.61397,0.11815,0.1711
0.29095,0.55635,0.335,0.20636,0.46765,0.36368,0.54914,0.58245,0.12821,0.15952
0.28994,0.48523,0.31701,0.20009,0.49714,0.3516,0.53987,0.57541,0.13255,0.1555
0.28043,0.38784,0.28809,0.23509,0.53381,0.34076,0.50679,0.57219,0.132,0.16129
0.27019,0.28955,0.24594,0.26219,0.58159,0.32151,0.43257,0.52628,0.12969,0.17906
0.27771,0.21376,0.19164,0.27344,0.63279,0.29159,0.33055,0.41956,0.12699,0.20311
0.31545,0.16946,0.13848,0.28761,0.66006,0.25111,0.24234,0.28934,0.12225,0.21931
0.37539,0.15087,0.10622,0.31023,0.63218,0.19921,0.20373,0.19973,0.11358,0.21673
0.4322,0.14759,0.1046,0.31924,0.54259,0.14083,0.21433,0.18561,0.10224,0.20126
0.46298,0.1538,0.12316,0.29131,0.42287,0.095428,0.24264,0.22444,0.092583,0.19537
0.46529,0.16765,0.13933,0.23412,0.32501,0.091167,0.26019,0.2615,0.088309,0.22021
0.51056,0.20973,0.11298,0.35053,0.51305,0.27251,0.14845,0.14278,0.086151,0.44999
0.55522,0.20341,0.11103,0.35085,0.52396,0.19432,0.19636,0.16804,0.082672,0.44233
0.56052,0.20153,0.10511,0.34486,0.53899,0.16707,0.23979,0.18704,0.078396,0.46416
0.50707,0.19136,0.10759,0.34476,0.52793,0.18878,0.24679,0.18228,0.079867,0.50377
0.4196,0.16754,0.11636,0.36995,0.47884,0.21783,0.21677,0.16545,0.090934,0.52907
0.34905,0.1511,0.12037,0.43818,0.41043,0.22448,0.18054,0.17249,0.10823,0.51615
0.32814,0.17955,0.11729,0.55032,0.35712,0.22346,0.17534,0.2335,0.12317,0.46698
0.34476,0.27274,0.12235,0.68006,0.34166,0.25394,0.21824,0.34397,0.12879,0.40295
0.35911,0.4079,0.15653,0.78001,0.36051,0.3312,0.29966,0.4648,0.12502,0.345
0.34551,0.53098,0.22467,0.80498,0.39275,0.42447,0.39688,0.55246,0.11757,0.30097
0.31527,0.59636,0.30598,0.73817,0.42043,0.48495,0.48987,0.59182,0.11209,0.26894
0.29877,0.59804,0.36773,0.60168,0.43964,0.49292,0.56479,0.60191,0.10962,0.247
0.30858,0.56402,0.38929,0.44351,0.45474,0.47219,0.60858,0.61159,0.10745,0.23551
0.32485,0.52279,0.37386,0.31063,0.46715,0.4574,0.60825,0.63023,0.10352,0.23084
0.31842,0.47744,0.33826,0.2274,0.47351,0.45227,0.56065,0.64094,0.099211,0.22252
0.28551,0.41262,0.29396,0.19212,0.47419,0.42707,0.48175,0.61974,0.097411,0.20245
0.25545,0.32339,0.24,0.1891,0.47904,0.3593,0.40097,0.55896,0.098618,0.17856
0.26212,0.23216,0.1739,0.20335,0.49994,0.27144,0.34105,0.47218,0.09976,0.17572
0.30992,0.17398,0.10589,0.22693,0.53605,0.22014,0.30157,0.38003,0.09736,0.21704
0.37065,0.16536,0.058071,0.25648,0.56914,0.2426,0.26368,0.29515,0.09152,0.30015
0.41403,0.1896,0.047128,0.28843,0.57745,0.31496,0.21342,0.22181,0.08607,0.3924
0.438,0.21369,0.068167,0.31771,0.5567,0.36843,0.16053,0.16577,0.084465,0.45322
0.46531,0.21833,0.09755,0.33941,0.52647,0.35065,0.1326,0.13774,0.085895,0.4659
0.48152,0.15978,0.082009,0.32115,0.47374,0.23961,0.19402,0.26663,0.079372,0.54546
0.50019,0.14383,0.042909,0.33925,0.5056,0.25712,0.15587,0.23041,0.078379,0.48486
0.49585,0.16215,0.019745,0.32885,0.52317,0.30856,0.11352,0.182,0.081115,0.40234
0.46313,0.18746,0.031379,0.31308,0.53461,0.35373,0.09414,0.15651,0.083914,0.35795
0.41338,0.19305,0.069769,0.34201,0.54271,0.35247,0.10707,0.16307,0.086129,0.35607
0.36831,0.19379,0.1083,0.4502,0.53951,0.30958,0.13866,0.19016,0.089893,0.35172
0.34183,0.23699,0.12773,0.6158,0.52026,0.27719,0.17198,0.23293,0.095818,0.30488
0.32839,0.34894,0.13391,0.76265,0.49708,0.3081,0.20911,0.30456,0.10032,0.22464
0.31068,0.49546,0.14983,0.81,0.49181,0.40418,0.27019,0.41569,0.098719,0.15868
0.27952,0.60347,0.19083,0.73039,0.5123,0.51116,0.36846,0.54642,0.091428,0.14282
0.24558,0.62596,0.24803,0.56663,0.53873,0.56509,0.48727,0.64836,0.086137,0.16599
0.23012,0.58411,0.29581,0.39603,0.53946,0.54527,0.58459,0.68217,0.092205,0.18615
0.24355,0.54188,0.31422,0.27547,0.50381,0.48367,0.62316,0.65405,0.11173,0.17639
0.27374,0.53827,0.30334,0.21392,0.45829,0.42679,0.59808,0.61079,0.13603,0.1497
0.29621,0.54778,0.27711,0.1879,0.44571,0.39231,0.53596,0.59389,0.15173,0.13717
0.29656,0.51054,0.24655,0.17519,0.48445,0.36362,0.46877,0.59794,0.1513,0.14801
0.28299,0.40043,0.21186,0.17179,0.54737,0.32152,0.40944,0.57672,0.13846,0.15956
0.27748,0.25962,0.17069,0.18226,0.58276,0.27314,0.35206,0.49306,0.12371,0.1498
0.2954,0.16289,0.12992,0.20347,0.55913,0.24514,0.29159,0.36265,0.11472,0.13435
0.33388,0.14859,0.1044,0.22423,0.49213,0.25094,0.23798,0.24666,0.11082,0.16098
0.37848,0.18658,0.10187,0.23928,0.4293,0.27201,0.20799,0.19907,0.10617,0.26085
0.41824,0.21381,0.11103,0.25676,0.40905,0.27679,0.20443,0.22003,0.097218,0.40586
0.45212,0.19743,0.10874,0.28631,0.43292,0.25707,0.20814,0.25979,0.086478,0.52098
0.45505,0.18164,0.1533,0.3452,0.50397,0.19592,0.16739,0.27057,0.095356,0.42623
0.446,0.18848,0.15086,0.23476,0.5273,0.25122,0.1349,0.22437,0.092521,0.49712
0.44784,0.20195,0.13095,0.14082,0.54695,0.31102,0.11126,0.14343,0.097487,0.53125
0.46531,0.20334,0.11152,0.094706,0.5651,0.34956,0.092919,0.097749,0.10306,0.51702
0.47961,0.17923,0.10595,0.11186,0.57274,0.34803,0.084159,0.12839,0.10123,0.47017
0.46658,0.14815,0.11087,0.18667,0.55286,0.31321,0.10176,0.21892,0.093392,0.41881
0.42188,0.15639,0.11468,0.29522,0.49975,0.27823,0.16196,0.32318,0.088897,0.38009
0.36723,0.23907,0.11631,0.4048,0.43369,0.28067,0.26188,0.41247,0.093351,0.35071
0.33076,0.38195,0.1318,0.48739,0.39168,0.33496,0.37549,0.49104,0.10088,0.31843
0.32124,0.52392,0.17909,0.5314,0.39899,0.42211,0.47035,0.56985,0.10062,0.27998
0.32188,0.60236,0.25567,0.54502,0.44777,0.50484,0.52967,0.63674,0.091268,0.24555
0.30941,0.60059,0.33327,0.54788,0.504,0.55384,0.55844,0.66217,0.086908,0.22641
0.27813,0.55365,0.37738,0.55592,0.53701,0.56267,0.56911,0.63504,0.10511,0.22072
0.24464,0.50928,0.37383,0.57012,0.54321,0.54187,0.56349,0.58423,0.1476,0.21442
0.23013,0.48381,0.33714,0.578,0.54224,0.50276,0.53103,0.55487,0.19347,0.19661
0.24001,0.45531,0.29373,0.56679,0.55154,0.44856,0.46516,0.56015,0.2139,0.1723
0.26207,0.39627,0.25794,0.53689,0.56666,0.3794,0.37917,0.56181,0.19603,0.15834
0.28309,0.30871,0.22505,0.50388,0.56711,0.30187,0.30264,0.50616,0.15365,0.16654
0.3037,0.22529,0.18567,0.48642,0.54013,0.23037,0.25966,0.3832,0.11469,0.19263
0.33477,0.17807,0.14353,0.48995,0.49667,0.17859,0.24976,0.24731,0.097885,0.22312
0.3801,0.17003,0.1158,0.49966,0.46297,0.15131,0.25031,0.17346,0.10026,0.25233
0.42639,0.17835,0.11546,0.489,0.4574,0.14586,0.23766,0.18878,0.10564,0.28989
0.45353,0.18213,0.13555,0.43748,0.47668,0.16016,0.20608,0.24673,0.10297,0.34887
0.49216,0.21357,0.11784,0.34351,0.50965,0.23237,0.11569,0.19163,0.091521,0.40816
0.54578,0.16723,0.10859,0.39879,0.51969,0.23314,0.17818,0.15698,0.097851,0.36923
0.55174,0.15823,0.12436,0.42483,0.50921,0.23878,0.26669,0.13917,0.095359,0.34167
0.5041,0.18359,0.1475,0.457,0.52019,0.25497,0.30799,0.14817,0.086436,0.31253
0.43651,0.20414,0.15021,0.51278,0.56118,0.2681,0.27544,0.16886,0.082624,0.2718
0.38988,0.19472,0.12547,0.56622,0.58715,0.26635,0.21878,0.18785,0.090682,0.22821
0.37637,0.17929,0.099642,0.57825,0.54573,0.26187,0.21676,0.21886,0.10358,0.20051
0.37547,0.21046,0.11187,0.54745,0.44109,0.28505,0.30025,0.29275,0.10772,0.19564
0.36244,0.31335,0.17854,0.51971,0.34294,0.35283,0.42392,0.41893,0.099462,0.19965
0.33626,0.45346,0.27643,0.54023,0.325,0.44414,0.51332,0.56094,0.092482,0.19229
0.31735,0.56348,0.36042,0.59759,0.39397,0.51138,0.53606,0.65798,0.10601,0.16906
0.3201,0.60207,0.39795,0.62432,0.48335,0.52018,0.52317,0.67591,0.14447,0.14573
0.33329,0.58429,0.38844,0.56056,0.52018,0.47883,0.52301,0.63712,0.18945,0.13986
0.33173,0.55438,0.35304,0.41842,0.49619,0.42748,0.54184,0.59725,0.21344,0.15011
0.30629,0.53329,0.31029,0.27895,0.46993,0.39795,0.5373,0.59027,0.20321,0.15782
0.27807,0.49907,0.26413,0.22052,0.49902,0.38481,0.47034,0.59685,0.17027,0.1505
0.2788,0.42044,0.21325,0.24847,0.57503,0.35655,0.35619,0.56764,0.13892,0.14179
0.3173,0.30468,0.16554,0.29564,0.62982,0.29382,0.25597,0.47724,0.12437,0.16363
0.36857,0.20403,0.13738,0.29214,0.60618,0.21432,0.21661,0.35359,0.12224,0.23519
0.39876,0.17014,0.13699,0.23296,0.51783,0.15858,0.22435,0.25377,0.1182,0.33891
0.40055,0.20311,0.15194,0.17727,0.43639,0.15211,0.22347,0.2121,0.1054,0.42928
0.40091,0.24992,0.15796,0.1846,0.42068,0.1832,0.18065,0.21322,0.090919,0.46771
0.43152,0.25538,0.14247,0.25682,0.46358,0.21758,0.12451,0.21464,0.085857,0.45114
0.4235,0.20801,0.11301,0.19951,0.55502,0.20795,0.18866,0.14388,0.085064,0.42552
0.41141,0.20137,0.10078,0.23466,0.51047,0.24125,0.14176,0.07498,0.087996,0.43065
0.40061,0.1991,0.098547,0.28533,0.50496,0.27448,0.088583,0.082956,0.09279,0.40991
0.40506,0.19938,0.10938,0.33982,0.55238,0.28284,0.071518,0.15666,0.092655,0.37039
0.42072,0.19638,0.12302,0.39378,0.58786,0.26245,0.10271,0.22885,0.087251,0.32756
0.42441,0.19502,0.12715,0.45384,0.53533,0.2369,0.15162,0.24951,0.08312,0.29599
0.39485,0.21582,0.12334,0.52983,0.39766,0.23912,0.17915,0.23912,0.085561,0.27911
0.33612,0.28019,0.1299,0.62059,0.26958,0.28493,0.18292,0.26536,0.09166,0.26773
0.27855,0.38818,0.16623,0.70561,0.25253,0.36169,0.20421,0.36842,0.0935,0.24947
0.25394,0.51068,0.23267,0.75159,0.35589,0.44004,0.28604,0.51463,0.088905,0.22054
0.26819,0.60591,0.30565,0.73123,0.48675,0.49514,0.42384,0.62697,0.087464,0.18904
0.29774,0.64659,0.35382,0.64146,0.54042,0.5178,0.55963,0.65876,0.1033,0.16683
0.31315,0.63386,0.36088,0.50763,0.49928,0.50978,0.62774,0.63223,0.14006,0.15833
0.30621,0.58757,0.33448,0.37098,0.44012,0.47426,0.60783,0.60356,0.18327,0.15722
0.29442,0.52545,0.29509,0.268,0.44628,0.41453,0.53487,0.59608,0.20922,0.15408
0.30052,0.45247,0.25766,0.21507,0.51958,0.34084,0.46015,0.5766,0.20346,0.14678
0.3293,0.3688,0.22387,0.20585,0.58346,0.27296,0.4059,0.50022,0.17221,0.14353
0.36493,0.28363,0.18973,0.21978,0.56978,0.23041,0.35808,0.37228,0.13611,0.15603
0.38895,0.21685,0.15681,0.2344,0.4933,0.21755,0.29834,0.25577,0.11281,0.18971
0.39805,0.18499,0.13333,0.23524,0.43453,0.21981,0.23439,0.21204,0.10479,0.24017
0.40313,0.18634,0.12463,0.2204,0.45236,0.21746,0.1938,0.23713,0.10242,0.29743
0.41312,0.20169,0.1253,0.19966,0.52314,0.20495,0.18976,0.26378,0.096929,0.35208
0.42358,0.21083,0.12341,0.18854,0.57129,0.19595,0.20049,0.23009,0.088966,0.39703
0.41486,0.21506,0.10516,0.29685,0.32548,0.31331,0.19456,0.16008,0.088627,0.59454
0.39035,0.20123,0.10791,0.13332,0.41909,0.2647,0.15338,0.15888,0.085007,0.55913
0.40127,0.19663,0.11337,0.051543,0.50079,0.24098,0.1256,0.18187,0.081875,0.51595
0.41873,0.18791,0.11801,0.07845,0.51332,0.24874,0.13234,0.21168,0.08291,0.48318
0.41454,0.17234,0.11584,0.15623,0.46844,0.25953,0.16356,0.21943,0.088093,0.45497
0.38772,0.17915,0.10767,0.2114,0.41702,0.2501,0.19456,0.20061,0.093134,0.41793
0.35906,0.24894,0.10656,0.2306,0.39269,0.23654,0.21692,0.19046,0.093709,0.3707
0.34459,0.38744,0.13039,0.26375,0.38942,0.26203,0.24889,0.23684,0.090233,0.32572
0.33957,0.54437,0.18559,0.35543,0.38792,0.34902,0.31346,0.35357,0.088107,0.29418
0.32947,0.64683,0.25735,0.48249,0.38997,0.46685,0.40843,0.50086,0.092868,0.27339
0.31182,0.65976,0.31727,0.56797,0.41633,0.55168,0.50202,0.61474,0.10492,0.25144
0.30126,0.614,0.34324,0.55717,0.47215,0.561,0.55959,0.65839,0.11902,0.22283
0.3106,0.57228,0.33447,0.47411,0.52641,0.50826,0.57328,0.64634,0.12885,0.19591
0.33081,0.566,0.3083,0.39748,0.53777,0.44364,0.56321,0.62015,0.13202,0.18263
0.33622,0.56633,0.28306,0.38224,0.50343,0.40289,0.55005,0.60295,0.13079,0.18287
0.31331,0.51834,0.2634,0.41067,0.47377,0.37804,0.53,0.57971,0.1283,0.18305
0.28226,0.40288,0.24117,0.42346,0.50709,0.3386,0.48082,0.52098,0.12505,0.17367
0.28432,0.26267,0.2084,0.39337,0.60453,0.27645,0.39261,0.42172,0.11912,0.16707
0.3426,0.16682,0.16819,0.35786,0.6942,0.22298,0.28911,0.31285,0.10965,0.19354
0.4346,0.15021,0.13256,0.37326,0.68925,0.21852,0.2135,0.23417,0.099183,0.27448
0.50607,0.18782,0.1113,0.44104,0.56938,0.26697,0.19088,0.19899,0.091897,0.39716
0.51597,0.22559,0.10418,0.49064,0.40673,0.326,0.20525,0.18785,0.08956,0.51692
0.47059,0.23154,0.10396,0.44384,0.30801,0.34526,0.21545,0.17569,0.089776,0.58771
0.50456,0.21764,0.11298,-0.019811,0.37864,0.16763,0.1735,0.23685,0.096894,0.51946
0.53012,0.18171,0.12386,0.10162,0.34869,0.26973,0.1306,0.18013,0.092851,0.47901
0.52491,0.14803,0.11573,0.26989,0.34996,0.32672,0.14636,0.16197,0.090979,0.38229
0.48834,0.14147,0.10582,0.41337,0.37323,0.31119,0.19461,0.18021,0.089025,0.29579
0.44094,0.15449,0.10247,0.49146,0.39796,0.25765,0.22057,0.19878,0.088588,0.28267
0.40881,0.16814,0.099993,0.51801,0.41679,0.23021,0.20157,0.19917,0.094859,0.34358
0.40311,0.18705,0.094391,0.53902,0.43934,0.26614,0.17417,0.20997,0.10963,0.41512
0.4131,0.24282,0.098162,0.58719,0.47301,0.34788,0.19886,0.27809,0.12573,0.42899
0.41784,0.35678,0.13314,0.65381,0.50622,0.42578,0.29865,0.41115,0.13118,0.37346
0.40466,0.50229,0.20583,0.69867,0.51699,0.46461,0.43426,0.55546,0.12101,0.29679
0.37732,0.6129,0.29223,0.68412,0.49938,0.46743,0.53966,0.63803,0.10506,0.25305
0.34871,0.63551,0.35201,0.60187,0.47702,0.45888,0.57912,0.63214,0.10196,0.24852
0.3281,0.57766,0.36126,0.47427,0.48401,0.45279,0.56798,0.57865,0.12297,0.24344
0.31617,0.49978,0.33186,0.33742,0.52939,0.44079,0.54113,0.54035,0.16033,0.20324
0.31053,0.45769,0.29721,0.22445,0.58209,0.41021,0.50949,0.53717,0.19178,0.14146
0.31246,0.45229,0.27843,0.15769,0.59565,0.36545,0.45423,0.53007,0.19808,0.10827
0.32602,0.43616,0.26516,0.14437,0.55102,0.32477,0.36273,0.46981,0.1778,0.13863
0.35091,0.36905,0.23049,0.17054,0.47582,0.29649,0.26096,0.35756,0.14661,0.21707
0.37916,0.2641,0.16405,0.20005,0.42,0.26516,0.20022,0.25177,0.12284,0.29633
0.40152,0.17763,0.088496,0.19017,0.4111,0.20907,0.20769,0.21298,0.11344,0.34703
0.41735,0.15443,0.041914,0.12194,0.43241,0.13279,0.25417,0.24418,0.11235,0.38225
0.43618,0.18549,0.043864,0.022747,0.44358,0.076898,0.27764,0.28893,0.1102,0.4306
0.46685,0.22025,0.078931,-0.043669,0.42117,0.086897,0.24235,0.28835,0.10387,0.49025
0.49238,0.2435,0.10436,0.24088,0.39769,0.17405,0.25963,0.27211,0.089279,0.4542
0.50124,0.19494,0.10554,0.22187,0.40479,0.21183,0.21406,0.16684,0.091876,0.49731
0.48872,0.19339,0.099935,0.23795,0.38354,0.26412,0.14518,0.097252,0.095594,0.48535
0.44254,0.23795,0.10308,0.29258,0.36379,0.28567,0.089071,0.10245,0.096787,0.42932
0.37931,0.27488,0.11382,0.3505,0.38484,0.25983,0.082535,0.14861,0.094857,0.37293
0.33513,0.25817,0.11851,0.37859,0.45074,0.21693,0.13675,0.17817,0.093078,0.35381
0.33168,0.20594,0.11215,0.38554,0.52281,0.2094,0.23111,0.18168,0.094733,0.37011
0.35293,0.19085,0.11147,0.41212,0.55696,0.26695,0.33163,0.21103,0.098905,0.38501
0.35889,0.27074,0.14251,0.47942,0.54553,0.37275,0.416,0.31855,0.10112,0.36367
0.32509,0.42916,0.21341,0.55247,0.51972,0.47951,0.48283,0.48905,0.098834,0.30553
0.26802,0.58602,0.30069,0.56462,0.51232,0.54609,0.5398,0.64126,0.095891,0.24133
0.23021,0.66696,0.36479,0.48367,0.52288,0.56019,0.58617,0.70055,0.10039,0.20121
0.23918,0.6614,0.38096,0.35247,0.52353,0.53206,0.60871,0.66723,0.11699,0.18839
0.28167,0.6145,0.35576,0.25814,0.49722,0.4752,0.59404,0.6085,0.14093,0.18388
0.31862,0.569,0.31429,0.256,0.46369,0.39857,0.54314,0.58353,0.16013,0.17315
0.32452,0.52311,0.27337,0.32171,0.46163,0.31507,0.47257,0.58265,0.16416,0.16333
0.31085,0.44774,0.2291,0.37811,0.50442,0.24819,0.40219,0.54591,0.15204,0.17259
0.31108,0.33812,0.17033,0.36881,0.55847,0.22066,0.34316,0.43945,0.13214,0.20605
0.34508,0.23654,0.10102,0.30549,0.57079,0.23291,0.29767,0.30493,0.11463,0.24757
0.4004,0.19669,0.045067,0.24586,0.51997,0.25641,0.26697,0.22536,0.10409,0.2777
0.44799,0.2271,0.02676,0.23096,0.43835,0.2557,0.25489,0.24144,0.098489,0.29722
0.47222,0.2775,0.047284,0.24879,0.38146,0.22138,0.2607,0.30697,0.094116,0.32756
0.48196,0.28675,0.082398,0.2582,0.37573,0.18109,0.27021,0.33232,0.090337,0.38467
0.45403,0.27646,0.092421,0.25235,0.46104,0.25344,0.094344,0.21344,0.093996,0.3618
0.472,0.24101,0.065814,0.19334,0.44584,0.20284,0.083391,0.24056,0.093746,0.3848
0.50839,0.21029,0.031766,0.15641,0.44329,0.16716,0.15716,0.24239,0.090611,0.40634
0.52527,0.1981,0.012641,0.18006,0.46848,0.1658,0.25317,0.2221,0.088607,0.41562
0.49402,0.20232,0.017961,0.24676,0.50813,0.19466,0.28858,0.20867,0.091287,0.40266
0.42406,0.22311,0.036339,0.31874,0.53185,0.23723,0.24263,0.23538,0.097037,0.36439
0.35502,0.2719,0.051325,0.38509,0.52147,0.28237,0.17922,0.31463,0.10025,0.30945
0.32047,0.35717,0.063753,0.46241,0.48697,0.32971,0.18619,0.42823,0.097396,0.25595
0.32004,0.46384,0.094716,0.55177,0.45312,0.37974,0.29182,0.53919,0.091532,0.22086
0.32625,0.55421,0.16331,0.61094,0.43318,0.42323,0.44072,0.6145,0.090259,0.20839
0.31586,0.59571,0.26108,0.58599,0.41931,0.44462,0.54872,0.64188,0.098777,0.2076
0.29196,0.589,0.35063,0.47529,0.39942,0.43661,0.57732,0.63115,0.11497,0.20254
0.27537,0.56543,0.39255,0.35278,0.3796,0.40907,0.55356,0.60328,0.13133,0.18698
0.27839,0.55344,0.37589,0.31247,0.38404,0.38065,0.52389,0.57695,0.14158,0.1707
0.29171,0.54744,0.32375,0.38027,0.42932,0.36093,0.49962,0.56018,0.1452,0.17156
0.29856,0.51282,0.26993,0.48173,0.50024,0.34246,0.45431,0.54844,0.1457,0.19994
0.29822,0.42462,0.23105,0.50522,0.55545,0.31217,0.37055,0.52812,0.14524,0.2492
0.30995,0.30127,0.20035,0.40437,0.56113,0.27042,0.27618,0.48417,0.14183,0.29999
0.35108,0.19776,0.16551,0.24165,0.52067,0.23623,0.22356,0.41064,0.13225,0.3341
0.41311,0.16212,0.12782,0.13038,0.47058,0.23081,0.23219,0.31865,0.1171,0.34601
0.46435,0.19567,0.10147,0.13202,0.44636,0.255,0.26097,0.23474,0.10201,0.34366
0.47933,0.25424,0.095204,0.20773,0.45238,0.284,0.24689,0.18669,0.093243,0.34032
0.46487,0.28722,0.099038,0.26588,0.46465,0.28691,0.17337,0.18488,0.092063,0.34561
0.38553,0.34478,0.12026,0.45596,0.60164,0.16045,0.22766,0.25199,0.093127,0.40628
0.41512,0.30046,0.12183,0.33578,0.54541,0.18101,0.20277,0.29718,0.092961,0.38728
0.44677,0.2265,0.099335,0.22121,0.48639,0.25776,0.15294,0.29352,0.090998,0.41292
0.45029,0.16253,0.085834,0.16365,0.45353,0.31695,0.10968,0.23368,0.089712,0.4477
0.42257,0.14344,0.098944,0.1716,0.45017,0.30954,0.092155,0.15021,0.091747,0.44318
0.38827,0.18158,0.12169,0.21856,0.46524,0.2598,0.10321,0.097565,0.096556,0.38977
0.37214,0.26357,0.12544,0.2836,0.49049,0.23985,0.14344,0.11881,0.10024,0.32506
0.37384,0.36184,0.1087,0.37425,0.5228,0.29651,0.21784,0.22032,0.099212,0.29213
0.37168,0.4517,0.10637,0.50349,0.55339,0.40467,0.32277,0.37068,0.094399,0.29467
0.34953,0.52198,0.15539,0.64839,0.5641,0.49261,0.43037,0.52145,0.091575,0.29697
0.31607,0.57398,0.25144,0.74364,0.54171,0.51012,0.49689,0.63307,0.097143,0.26653
0.29493,0.61191,0.3439,0.72866,0.49683,0.4693,0.49612,0.6894,0.11283,0.21107
0.29754,0.63364,0.37791,0.60648,0.46258,0.42068,0.44696,0.6961,0.13392,0.16911
0.30973,0.62883,0.34269,0.45318,0.46752,0.39671,0.40268,0.66947,0.15248,0.16603
0.30806,0.58567,0.27787,0.36168,0.50656,0.38533,0.40526,0.62526,0.16237,0.18566
0.28834,0.50144,0.23205,0.36977,0.54116,0.35819,0.44589,0.57231,0.16213,0.19053
0.27388,0.38978,0.21703,0.43866,0.53341,0.31528,0.47127,0.51144,0.15392,0.16868
0.29238,0.27942,0.20379,0.49929,0.48363,0.29083,0.4326,0.43892,0.14089,0.15373
0.34483,0.20357,0.1617,0.51702,0.43408,0.31181,0.33226,0.35389,0.12567,0.19251
0.40019,0.18437,0.096917,0.51136,0.43289,0.3574,0.22387,0.26608,0.11083,0.29219
0.42336,0.22032,0.048643,0.51723,0.4905,0.37055,0.166,0.19727,0.099264,0.40391
0.40878,0.2846,0.048183,0.53526,0.56929,0.31548,0.17357,0.17128,0.093133,0.46371
0.38504,0.33703,0.085685,0.52652,0.61527,0.22118,0.21075,0.19616,0.092093,0.45117
0.41581,0.24541,0.13494,0.31903,0.51209,0.28628,0.34489,0.34854,0.092163,0.40127
0.43908,0.22114,0.12015,0.21504,0.46148,0.28312,0.25465,0.41417,0.092496,0.37615
0.48222,0.21775,0.10809,0.21636,0.39762,0.28252,0.14418,0.35387,0.093518,0.35191
0.50341,0.22954,0.11292,0.32385,0.3287,0.28265,0.098635,0.22132,0.093531,0.347
0.47508,0.22922,0.11932,0.47704,0.28615,0.2713,0.1308,0.12713,0.095187,0.35748
0.41208,0.20756,0.10595,0.61046,0.30508,0.24762,0.1823,0.14446,0.10047,0.36202
0.35686,0.19572,0.078182,0.69818,0.38852,0.2351,0.19763,0.2569,0.10634,0.34201
0.33826,0.24043,0.071291,0.74826,0.49387,0.26527,0.18795,0.39055,0.10684,0.29816
0.34693,0.35399,0.11734,0.7655,0.56133,0.34466,0.21632,0.48833,0.09993,0.24907
0.35121,0.4919,0.20981,0.73244,0.56168,0.43961,0.32326,0.54961,0.091783,0.21452
0.33342,0.58522,0.30416,0.63221,0.51835,0.49869,0.47511,0.60394,0.092842,0.20017
0.30671,0.59829,0.35546,0.48466,0.48172,0.49485,0.59171,0.65952,0.10874,0.19666
0.29567,0.55517,0.35516,0.34857,0.48106,0.44723,0.62262,0.68853,0.13473,0.19137
0.30493,0.50929,0.3302,0.27976,0.5008,0.40096,0.5893,0.66282,0.15923,0.17957
0.31273,0.48876,0.30776,0.2856,0.50311,0.38488,0.54972,0.59308,0.1732,0.16536
0.29741,0.47364,0.28519,0.32427,0.47149,0.38813,0.52802,0.52159,0.17631,0.15507
0.26681,0.42619,0.23769,0.35093,0.43001,0.37725,0.48974,0.4746,0.17444,0.15264
0.25571,0.33941,0.15462,0.36205,0.41971,0.33407,0.39153,0.43082,0.17189,0.16161
0.29089,0.25087,0.063006,0.39036,0.45777,0.27533,0.24879,0.34794,0.16693,0.18797
0.36045,0.20759,0.010111,0.45561,0.52118,0.23572,0.14104,0.2226,0.1549,0.23651
0.42152,0.21989,0.020937,0.52634,0.56902,0.23405,0.14083,0.11571,0.1351,0.30186
0.44065,0.25316,0.074307,0.53834,0.57765,0.25792,0.23717,0.10553,0.11344,0.36474
0.42571,0.26479,0.12259,0.45661,0.55292,0.28017,0.33629,0.20846,0.098008,0.40145
0.54153,0.17521,0.083603,0.41538,0.40654,0.42235,0.17449,0.19511,0.089601,0.41662
0.56822,0.17879,0.068919,0.38195,0.51111,0.31304,0.1836,0.19113,0.093419,0.39929
0.54714,0.1954,0.077541,0.3619,0.56694,0.24656,0.18578,0.16895,0.095532,0.34601
0.49892,0.199,0.10293,0.38598,0.5124,0.25557,0.18226,0.13974,0.097679,0.29183
0.45104,0.17811,0.12408,0.4374,0.39272,0.30027,0.17807,0.12335,0.10394,0.25786
0.41853,0.15888,0.12595,0.48381,0.3155,0.31788,0.18156,0.13987,0.11522,0.24108
0.39848,0.18769,0.11462,0.5187,0.34345,0.29181,0.20263,0.20175,0.12665,0.22757
0.37999,0.28646,0.11241,0.56216,0.43533,0.26785,0.24848,0.30724,0.13108,0.21121
0.35744,0.42564,0.13804,0.62186,0.49456,0.30228,0.3184,0.43733,0.12572,0.19763
0.33462,0.54467,0.19101,0.66523,0.47186,0.39855,0.40168,0.56044,0.11524,0.19251
0.31828,0.60185,0.2538,0.64306,0.41328,0.49962,0.48094,0.64586,0.10816,0.19118
0.31044,0.60492,0.30712,0.54484,0.40546,0.54249,0.53948,0.67927,0.10979,0.18323
0.30764,0.59332,0.34169,0.42424,0.47977,0.51602,0.56747,0.6692,0.11836,0.16657
0.30596,0.59245,0.35681,0.35881,0.57905,0.46252,0.56328,0.63817,0.12769,0.15296
0.3045,0.58801,0.35162,0.37802,0.62009,0.42631,0.53044,0.60453,0.13297,0.15622
0.30315,0.5458,0.32241,0.43239,0.58169,0.40876,0.47426,0.56943,0.1339,0.17516
0.29919,0.45407,0.27003,0.43936,0.52229,0.37904,0.40132,0.51999,0.13268,0.19172
0.2896,0.34237,0.20774,0.36386,0.51011,0.32472,0.32119,0.44546,0.12998,0.18949
0.27846,0.25727,0.15695,0.2541,0.54537,0.28041,0.24668,0.35195,0.12395,0.17465
0.28072,0.221,0.1318,0.19657,0.562,0.29668,0.19053,0.2624,0.11323,0.17559
0.31424,0.21623,0.1273,0.23458,0.50721,0.38003,0.1599,0.20173,0.1002,0.21798
0.38369,0.21052,0.12431,0.33048,0.40985,0.47136,0.15321,0.17965,0.090191,0.29751
0.47073,0.19165,0.10827,0.40577,0.35816,0.49327,0.16168,0.18503,0.08702,0.37768
0.47491,0.17942,0.11261,0.38467,0.24997,0.17036,0.31082,0.15374,0.081192,0.19069
0.46772,0.17539,0.11996,0.39886,0.13038,0.12331,0.34546,0.12345,0.091924,0.16124
0.4559,0.20962,0.14002,0.40164,0.12638,0.11027,0.35739,0.14613,0.10257,0.18041
0.44146,0.23705,0.14839,0.41825,0.24426,0.14457,0.33062,0.17274,0.10617,0.25544
0.43079,0.22433,0.11866,0.48177,0.40753,0.1963,0.27112,0.17328,0.10311,0.34187
0.42462,0.19988,0.056002,0.59369,0.5202,0.23226,0.21305,0.17362,0.098945,0.37873
0.41504,0.23376,0.0047934,0.71048,0.54098,0.25738,0.19849,0.2295,0.097654,0.34003
0.39448,0.36256,0.016794,0.77231,0.50133,0.30809,0.24566,0.36361,0.098278,0.25463
0.36644,0.53904,0.10696,0.74768,0.45951,0.40327,0.33482,0.53227,0.098259,0.17785
0.34416,0.6647,0.23842,0.65247,0.44383,0.5088,0.42552,0.65832,0.09898,0.14447
0.33682,0.67768,0.35136,0.52909,0.44135,0.56034,0.48873,0.69789,0.10618,0.14722
0.33792,0.60776,0.40828,0.41086,0.43314,0.52541,0.52349,0.67357,0.12377,0.15627
0.33021,0.54182,0.41427,0.30768,0.42779,0.44029,0.54447,0.64267,0.14751,0.15335
0.30464,0.53517,0.39766,0.22175,0.45274,0.37933,0.55657,0.63679,0.16608,0.14455
0.2743,0.55962,0.37581,0.16773,0.5156,0.38445,0.54498,0.63641,0.16972,0.14336
0.26744,0.54018,0.34231,0.16877,0.58433,0.42567,0.49126,0.60378,0.1584,0.14914
0.30363,0.43951,0.28499,0.23026,0.61397,0.43334,0.39785,0.53372,0.14134,0.14806
0.3749,0.30088,0.21042,0.32192,0.59244,0.36927,0.29446,0.46398,0.12827,0.13422
0.44985,0.20608,0.14533,0.39344,0.55302,0.26454,0.21871,0.43367,0.12114,0.12306
0.49744,0.19502,0.11301,0.4129,0.53547,0.18683,0.19,0.43677,0.11435,0.13727
0.50857,0.23167,0.11161,0.3909,0.53652,0.17309,0.20117,0.42445,0.10268,0.17847
0.49726,0.24883,0.11884,0.36592,0.50671,0.19748,0.23263,0.35642,0.088252,0.21808
0.48326,0.21983,0.11753,0.36576,0.40379,0.20473,0.27075,0.24673,0.079131,0.22265
0.4291,0.20837,0.11279,0.3338,0.43865,0.22096,0.14907,0.16581,0.089755,0.47661
0.41806,0.206,0.12889,0.27425,0.41295,0.26035,0.14072,0.16176,0.088461,0.5491
0.42594,0.22777,0.14139,0.22353,0.39442,0.28417,0.17852,0.14984,0.091461,0.58369
0.43642,0.24058,0.13505,0.2021,0.41829,0.27102,0.22449,0.12444,0.091503,0.55645
0.43151,0.22206,0.10555,0.20921,0.48397,0.24172,0.23169,0.097519,0.089276,0.481
0.40764,0.19833,0.06451,0.24278,0.54598,0.24153,0.19622,0.099081,0.09101,0.39646
0.37623,0.22654,0.034615,0.31192,0.55279,0.29695,0.16724,0.15996,0.098351,0.33485
0.35052,0.33524,0.038252,0.42308,0.49714,0.38951,0.20236,0.28665,0.10384,0.29963
0.33367,0.48517,0.086076,0.55694,0.42621,0.47186,0.31213,0.44883,0.099186,0.27362
0.31973,0.5964,0.171,0.6685,0.39963,0.50874,0.44889,0.59301,0.087852,0.24381
0.30393,0.61856,0.26992,0.71899,0.43558,0.50244,0.54943,0.67439,0.086628,0.21493
0.28944,0.57408,0.35239,0.71007,0.49781,0.48043,0.58717,0.68274,0.11118,0.1994
0.28319,0.53016,0.39308,0.68245,0.53423,0.46286,0.58265,0.6428,0.1585,0.19819
0.28669,0.52838,0.38285,0.67549,0.52628,0.44567,0.56774,0.59087,0.20472,0.19684
0.2941,0.54435,0.33259,0.68638,0.49996,0.4146,0.54699,0.54857,0.2228,0.18219
0.30046,0.51822,0.26704,0.67175,0.49148,0.37003,0.49865,0.51404,0.20476,0.16055
0.31049,0.42248,0.21112,0.59302,0.50727,0.33172,0.41094,0.47334,0.16774,0.15512
0.3359,0.29565,0.17716,0.4614,0.52075,0.31735,0.30899,0.41776,0.13813,0.18328
0.38176,0.20746,0.1611,0.33667,0.50592,0.32012,0.2385,0.35142,0.12926,0.23777
0.43589,0.19305,0.15009,0.2785,0.46808,0.31323,0.22186,0.28614,0.13325,0.29306
0.47418,0.22462,0.13489,0.29629,0.43722,0.27907,0.23485,0.23234,0.13295,0.33147
0.47951,0.24662,0.11744,0.34436,0.43312,0.23162,0.2318,0.19485,0.12013,0.36136
0.45676,0.23356,0.10764,0.36452,0.44306,0.20556,0.19391,0.17391,0.10167,0.40654
